1496
2648
4297
4648
5908
6760
7250
10077
25301
51405
71715
74254
74673
80946
104777
129380
134350
138243
140126
157809
163049
165203
170340
200553
242637
245353
262255
272354
282820
286367
292926
295500
296678
307822
374022
390600
398566
401063
413139
414457
442232
446965
448372
460516
465551
492066
507907
509194
518475
521955
525607
532825
544195
568629
580319
581716
597939
604469
19019472
19099654
19113946
19140232
19146984
19160282
19199530
19209176
19238304
19243208
19285521
19326163
19346988
19350459
19353105
19360235
19393762
19416873
19470447
19488417
19491037
19503830
19543708
19577112
19577734
19578749
19593888
19634781
19660288
19665819
19698094
19734168
19738326
19761072
19770082
19794380
19806051
19816394
19819627
19828074
19840077
19846821
19853822
19855198
19857427
19860071
19873955
19875787
19877155
19887289
19903970
19912423
19918741
19920510
19930588
19936601
19944591
19951390
19958718
19959578
19959767
19967304
19969614
19979141
19984811
19986595
19998956
20015319
20019358
20024227
20026969
20037104
20074883
20078731
20082683
20100530
20112175
20115278
20132258
20134755
20142680
20149284
20156016
20188316
20220593
20227573
20239565
20240406
20253072
20262759
20266650
20284757
20299680
20332898
20350869
20389591
20397533
20415911
20430775
20435125
20441329
20451431
20465544
20505343
20533841
20533973
20552927
20553399
20560142
20569086
20577176
20579425
20602165
20610274
20611031
20628095
20635097
20638413
20640052
20648609
20672928
20678849
20692729
20704242
20711378
20739331
20764411
20777329
20793637
20823651
20833616
20845130
20851493
20857656
20868998
20914354
20920532
20933168
20947579
20963430
20964624
20967047
20971952
20978232
20989697
20997350
21014987
21028386
21050466
21076267
21084089
21103810
21106779
21124626
21125652
21133544
21150323
21155281
21169018
21193669
21201241
21214027
21219157
21222839
21239848
21262532
21276764
21306739
21307969
21316790
21323660
21329055
21337269
21355245
21366420
21367804
21372009
21380690
21390175
21402394
21413619
21429782
21451895
21454581
21478812
21483550
21489141
21490433
21498922
21529290
21542029
21549303
21557951
21585367
21588081
21595208
21608628
21608827
21616758
21622356
21623482
21645177
21652056
21701239
21701890
21706564
21726097
21739312
21747804
21752602
21757370
21778442
21786647
21806931
21847374
21876630
21883744
21903966
21910088
21910325
21911054
21911338
21931537
21944884
21947923
21960141
21965185
21978867
21987553
22005573
22044352
22048363
22059766
22079480
22100456
22117683
22130300
22138282
22141445
22143513
22149390
22150475
22156402
22230542
22246967
22260817
22282221
22290554
22296080
22300476
22318367
22325691
22343506
22361153
22399915
22403576
22410058
22416752
22431892
22438793
22447403
22465970
22466506
22478427
22507642
22511725
22523843
22545143
22551130
22617275
22645232
22654107
22685289
22724185
22738816
22742073
22775683
22777955
22824171
22843822
22910695
22911450
22922261
22923115
22941674
22946930
22955225
22956648
22991783
22991854
22993033
23006239
23014775
23047261
23050296
23115274
23150461
23162549
23162732
23166774
23175236
23204114
23213125
23219007
23227423
23245665
23264074
23293091
23338989
23353829
23355481
23428739
23459413
23479635
23487274
23495088
23519789
23534118
23552941
23557020
23557909
23568562
23572131
23623012
23632567
23636033
23690231
23702362
23723309
23765764
23789807
23817924
23819781
23839773
23855467
23858694
23865502
23887566
23907257
23909723
23929626
23945307
23959242
23965783
24105870
24137629
24153216
24191057
24192616
24198678
24258686
24269013
24332462
24332925
24344299
24417504
24444602
24479084
24494578
24509336
24515333
24560785
24605270
24637884
24657283
24671130
24682680
24697499
24705439
24719290
24738286
24760331
24775958
24777351
24803075
24811504
24849356
24858283
24907087
24925985
24945668
24982769
24984891
25010413
25048383
25052703
25060965
25068304
25104341
25146599
25166026
25184443
25243945
25245315
25272743
25276169
25279066
25285034
25285716
25293723
25361200
25381410
25387339
25453776
25530769
25599243
25718805
25767114
25786675
25803405
25850956
25932588
25935242
25951204
25984814
26065445
26082266
26114733
26124635
26185318
26190939
26264714
26289480
26313398
26314816
26366151
26366304
26379711
26384708
26399537
26423851
26437078
26463128
26484404
26492102
26522373
26600205
26675704
26676087
26727450
26728788
26735805
26738991
26793452
26820836
26851284
26869817
27334397
27342100
27344836
27401229
27409706
27470522
27519370
27681909
27719530
27794083
27812058
28039649
28329804
28336680
28426754
28437579
28442099
28452508
28454165
28599110
28640725
28661557
28663867
28690500
28697114
28725693
28735903
28749880
28750301
28838265
28897038
28897827
28910586
28949426
28957790
28960942
28978271
29130154
29166279
29173217
29187801
29212939
29265289
29287598
29305630
29311779
29317015
29360758
29420083
29444636
29515234
29524444
29533033
29562665
29567510
29568116
29595436
29600612
29607673
29647265
29689285
29699937
29821195
30036581
30046249
30085971
30125892
30192329
30206248
30216763
30255016
30263247
30266347
30364908
30366254
30389732
30397116
30413915
30468243
30560022
30582336
30743640
30871780
30925617
31049038
31243554
31273666
31274923
31281326
31300356
31509530
31541352
31555234
31588136
31602758
31659736
31670053
31765781
31804754
31839671
31929876
32004867
32016710
32171663
32191484
32235221
32292994
32299406
32299846
32392626
32400810
32443020
32512765
32578662
32616425
32633776
32661128
32672912
32680176
32705024
32865519
32932398
32961751
32981216
33019325
33079321
33089599
33419995
33449302
33799576
33987970
34018967
34022147
34043241
34057485
34084652
34113765
34133797
34196431
34197844
34215255
34230271
34242884
34243185
34270960
34287847
34291299
34304697
34373442
34440853
34471226
34530944
34533609
34552015
34555610
34570626
34680633
34726397
34734711
34761215
34812485
34925733
34951738
34983603
35018026
35033826
35095512
35117703
35124773
35221469
35225679
35317527
35336480
35408614
35411149
35414248
35433792
35436352
35452022
35530571
35543396
35590582
35613563
35644284
35652228
35703236
35789658
35796485
35950782
36119978
36332868
36345856
36349557
36355412
36400685
36447212
36653735
36660535
36661325
36718800
36719319
36922814
36930412
36981463
36982667
36990297
37041805
37154202
37179394
37253450
37293239
37362949
37370762
37444943
37475736
37481045
37499753
37532228
37542769
37737799
37782989
37789358
37827053
37832463
37856607
37876161
37936245
38038926
38191956
38249375
38291484
38318616
38331665
38354012
38610133
38652989
38674894
38795676
38809624
38839329
38841069
38857618
38887759
38909042
38911306
38966845
39028853
39040566
39057961
39060780
39066996
39172527
39276486
39291235
39496821
39525309
39535302
39561695
39630512
39650939
39724091
39745149
39799532
39812832
39880935
39887256
39889138
39889387
39955462
39957695
39996432
40102751
40294811
40300130
40326625
40583248
40661961
40703542
40729103
40743771
40835255
40938801
40944918
40984753
40999945
41275742
41312306
41702562
41732749
41777257
41839263
41926290
41975770
42001797
42133105
42649489
42675076
42750485
42762376
42980283
43257123
43340903
43376075
43426696
43484392
43652327
43668432
43740142
44028393
44055045
44141483
44316216
44421462
44431752
44679628
44979324
44979325
44979338
44979352
45033188
45038172
45062564
45102780
45116891
45344815
45496621
45596215
45668239
45696039
45920019
46049068
46057597
46122143
46127893
46167252
46280307
46324534
46640264
47034971
47136335
47153114
47165206
47189094
47371195
47409305
47559251
47651247
47654103
47683269
47706407
47836799
47989198
48115033
48390465
48443712
48507624
48547745
48637590
48929228
48939891
49159160
49241452
49273888
49290688
49509426
49949377
50106051
50154100
50236984
50529339
50660853
50671842
50759139
50759303
50827543
50874931
50999152
51001391
51409229
51589239
51680686
51796562
51802872
51972895
52041228
52316360
52333430
52423930
52590532
52716987
52895946
53191707
53317980
53362467
53801673
53975931
54886348
54932626
55414883
55629820
56019174
56149487
56239277
56539172
56579871
56670804
56901374
57019107
57029156
57039082
57539163
57651609
57809121
58060767
58652570
59179078
59189004
59286427
59484117
59543032
59553623
59609091
59771397
59812380
59884386
59933727
60359141
60633014
60899811
60987281
61109246
61542283
61870201
62250375
62372968
63029078
63653079
64709188
64953891
64962497
65009177
65239176
65389099
65389101
65389105
65399100
65409090
65409092
65409099
65802551
66401633
66823798
66879182
67029804
67105577
67159246
67159367
67209107
67580799
67942617
68063155
68149179
68159194
68159208
68211391
68212693
68353029
68401488
68420999
68441133
68469257
68469260
68479082
68479262
68669177
68789199
69709179
69719199
69769708
69892366
70011915
70039338
70199703
70200652
70339620
70340309
70423058
70439999
71229367
71250315
71299570
71380757
71559917
71749871
71799785
71899217
71919334
71919484
72219088
72219156
72361742
72411076
72421288
72581260
72680640
72749304
72749306
72820660
72839307
72839334
72849271
73099358
73099728
73100183
73119953
73120157
73169865
73170082
73170120
73170218
73459350
73459351
73459352
73459353
73469125
73469268
73469274
73469340
73469341
73529695
73759302
73759385
73759389
73759392
74079199
74359104
74399141
74399278
74611010
74612923
74689111
74689205
74689287
74829388